#plotCorrelation --outFileCorMatrix
	'2weeks-H3K9me2'	'ctrl-H3K9me2'	'10weeks-H3K9me2'	'ctrl-H3K9me3'	'10weeks-H3K9me3'	'4weeks-H3K9me3'	'7weeks-H3K9me3'	'2weeks-H3K9me3'	'4weeks-H3K9me2'	'7weeks-H3K9me2'	'2weeks-H3K4me3'	'ctrl-H3K4me3'	'2weeks-H3K27ac'	'ctrl-H3K27ac'	'4weeks-H3K27ac'	'7weeks-H3K27ac'	'10weeks-H3K27ac'	'2weeks-H3K4me1'	'ctrl-H3K4me1'	'10weeks-H3K4me1'	'4weeks-H3K4me1'	'7weeks-H3K4me1'	'2weeks-H3K27me3'	'4weeks-H3K27me3'	'ctrl-H3K27me3'	'10weeks-H3K27me3'	'7weeks-H3K27me3'	'10weeks-H3K4me3'	'4weeks-H3K4me3'	'7weeks-H3K4me3'
'2weeks-H3K9me2'	1.0000	0.9212	0.5958	0.5371	0.4692	0.5418	0.4975	0.6208	0.8545	0.8091	0.1918	0.1498	0.0949	0.1212	0.0899	0.0977	0.0410	0.0635	0.0584	0.0207	0.0203	0.0276	0.4460	0.4504	0.4593	0.4546	0.4690	0.2238	0.1902	0.2331
'ctrl-H3K9me2'	0.9212	1.0000	0.6448	0.5702	0.5327	0.5972	0.5607	0.6605	0.8869	0.8577	0.1379	0.0778	0.0203	0.0319	0.0111	0.0156	-0.0421	-0.0169	-0.0382	-0.0703	-0.0683	-0.0656	0.3791	0.3953	0.4028	0.4119	0.4231	0.2221	0.1485	0.2110
'10weeks-H3K9me2'	0.5958	0.6448	1.0000	0.6372	0.5628	0.6338	0.6297	0.7002	0.6404	0.6459	0.1458	0.0584	-0.0828	-0.0640	-0.0900	-0.0796	-0.1098	-0.1222	-0.1492	-0.1797	-0.1857	-0.1890	0.1867	0.1971	0.1930	0.2515	0.2263	0.3843	0.2273	0.3605
'ctrl-H3K9me3'	0.5371	0.5702	0.6372	1.0000	0.7156	0.7307	0.7156	0.8363	0.5386	0.5345	0.2193	0.1840	-0.0036	0.0235	-0.0161	-0.0022	-0.0026	-0.0376	-0.0607	-0.0819	-0.1000	-0.1028	0.1828	0.1724	0.1646	0.2345	0.1807	0.4469	0.2731	0.3771
'10weeks-H3K9me3'	0.4692	0.5327	0.5628	0.7156	1.0000	0.9365	0.9218	0.8374	0.6642	0.7066	-0.2768	-0.2997	-0.4576	-0.4390	-0.4483	-0.4282	-0.4183	-0.4816	-0.4816	-0.4621	-0.5039	-0.4970	-0.1643	-0.1171	-0.1411	-0.0597	-0.0803	0.1356	-0.1780	-0.0448
'4weeks-H3K9me3'	0.5418	0.5972	0.6338	0.7307	0.9365	1.0000	0.9250	0.8719	0.7197	0.7516	-0.2322	-0.2664	-0.4307	-0.4040	-0.4223	-0.4019	-0.4116	-0.4545	-0.4539	-0.4550	-0.4849	-0.4771	-0.1126	-0.0644	-0.0804	-0.0104	-0.0196	0.1456	-0.1284	0.0105
'7weeks-H3K9me3'	0.4975	0.5607	0.6297	0.7156	0.9218	0.9250	1.0000	0.8441	0.6822	0.7194	-0.2295	-0.2666	-0.4310	-0.4088	-0.4230	-0.4044	-0.4105	-0.4564	-0.4596	-0.4580	-0.4871	-0.4817	-0.1281	-0.0818	-0.1015	-0.0284	-0.0404	0.1583	-0.1226	0.0201
'2weeks-H3K9me3'	0.6208	0.6605	0.7002	0.8363	0.8374	0.8719	0.8441	1.0000	0.6944	0.7032	0.0193	-0.0261	-0.2165	-0.1826	-0.2213	-0.2021	-0.2102	-0.2482	-0.2572	-0.2763	-0.3013	-0.2973	0.0866	0.1090	0.1010	0.1736	0.1408	0.3250	0.0945	0.2234
'4weeks-H3K9me2'	0.8545	0.8869	0.6404	0.5386	0.6642	0.7197	0.6822	0.6944	1.0000	0.9304	-0.0916	-0.1423	-0.2157	-0.1975	-0.2113	-0.2010	-0.2510	-0.2468	-0.2503	-0.2684	-0.2785	-0.2702	0.1934	0.2363	0.2319	0.2552	0.2782	0.1067	-0.0431	0.0455
'7weeks-H3K9me2'	0.8091	0.8577	0.6459	0.5345	0.7066	0.7516	0.7194	0.7032	0.9304	1.0000	-0.1552	-0.2107	-0.2842	-0.2711	-0.2804	-0.2722	-0.3158	-0.3165	-0.3216	-0.3347	-0.3469	-0.3411	0.1235	0.1728	0.1658	0.2010	0.2216	0.0945	-0.0964	0.0055
'2weeks-H3K4me3'	0.1918	0.1379	0.1458	0.2193	-0.2768	-0.2322	-0.2295	0.0193	-0.0916	-0.1552	1.0000	0.9266	0.8555	0.8621	0.8290	0.8177	0.8103	0.8281	0.7968	0.7525	0.7757	0.7613	0.6213	0.5224	0.5524	0.5285	0.4668	0.6463	0.8854	0.8209
'ctrl-H3K4me3'	0.1498	0.0778	0.0584	0.1840	-0.2997	-0.2664	-0.2666	-0.0261	-0.1423	-0.2107	0.9266	1.0000	0.8650	0.8801	0.8428	0.8287	0.8274	0.8492	0.8333	0.7892	0.8105	0.7978	0.6464	0.5508	0.5783	0.5472	0.4900	0.6039	0.8571	0.7706
'2weeks-H3K27ac'	0.0949	0.0203	-0.0828	-0.0036	-0.4576	-0.4307	-0.4310	-0.2165	-0.2157	-0.2842	0.8555	0.8650	1.0000	0.9639	0.9657	0.9446	0.9321	0.9622	0.9392	0.9076	0.9414	0.9252	0.5543	0.4507	0.4877	0.4289	0.3873	0.4568	0.7595	0.6352
'ctrl-H3K27ac'	0.1212	0.0319	-0.0640	0.0235	-0.4390	-0.4040	-0.4088	-0.1826	-0.1975	-0.2711	0.8621	0.8801	0.9639	1.0000	0.9605	0.9461	0.9339	0.9489	0.9497	0.9079	0.9357	0.9253	0.5689	0.4614	0.4961	0.4357	0.3954	0.4708	0.7728	0.6547
'4weeks-H3K27ac'	0.0899	0.0111	-0.0900	-0.0161	-0.4483	-0.4223	-0.4230	-0.2213	-0.2113	-0.2804	0.8290	0.8428	0.9657	0.9605	1.0000	0.9577	0.9420	0.9481	0.9393	0.9177	0.9454	0.9345	0.5166	0.4134	0.4459	0.3824	0.3458	0.4384	0.7472	0.6245
'7weeks-H3K27ac'	0.0977	0.0156	-0.0796	-0.0022	-0.4282	-0.4019	-0.4044	-0.2021	-0.2010	-0.2722	0.8177	0.8287	0.9446	0.9461	0.9577	1.0000	0.9508	0.9266	0.9242	0.9222	0.9303	0.9335	0.5012	0.3951	0.4257	0.3607	0.3220	0.4459	0.7412	0.6260
'10weeks-H3K27ac'	0.0410	-0.0421	-0.1098	-0.0026	-0.4183	-0.4116	-0.4105	-0.2102	-0.2510	-0.3158	0.8103	0.8274	0.9321	0.9339	0.9420	0.9508	1.0000	0.9189	0.9187	0.9382	0.9251	0.9292	0.4584	0.3461	0.3758	0.3354	0.2695	0.4886	0.7297	0.6155
'2weeks-H3K4me1'	0.0635	-0.0169	-0.1222	-0.0376	-0.4816	-0.4545	-0.4564	-0.2482	-0.2468	-0.3165	0.8281	0.8492	0.9622	0.9489	0.9481	0.9266	0.9189	1.0000	0.9618	0.9293	0.9654	0.9481	0.5315	0.4302	0.4674	0.4046	0.3675	0.4131	0.7307	0.5989
'ctrl-H3K4me1'	0.0584	-0.0382	-0.1492	-0.0607	-0.4816	-0.4539	-0.4596	-0.2572	-0.2503	-0.3216	0.7968	0.8333	0.9392	0.9497	0.9393	0.9242	0.9187	0.9618	1.0000	0.9458	0.9704	0.9622	0.5216	0.4212	0.4544	0.3872	0.3562	0.3883	0.7048	0.5710
'10weeks-H3K4me1'	0.0207	-0.0703	-0.1797	-0.0819	-0.4621	-0.4550	-0.4580	-0.2763	-0.2684	-0.3347	0.7525	0.7892	0.9076	0.9079	0.9177	0.9222	0.9382	0.9293	0.9458	1.0000	0.9571	0.9674	0.4758	0.3778	0.4040	0.3559	0.3064	0.4111	0.6669	0.5382
'4weeks-H3K4me1'	0.0203	-0.0683	-0.1857	-0.1000	-0.5039	-0.4849	-0.4871	-0.3013	-0.2785	-0.3469	0.7757	0.8105	0.9414	0.9357	0.9454	0.9303	0.9251	0.9654	0.9704	0.9571	1.0000	0.9730	0.4924	0.3940	0.4266	0.3559	0.3270	0.3648	0.6843	0.5452
'7weeks-H3K4me1'	0.0276	-0.0656	-0.1890	-0.1028	-0.4970	-0.4771	-0.4817	-0.2973	-0.2702	-0.3411	0.7613	0.7978	0.9252	0.9253	0.9345	0.9335	0.9292	0.9481	0.9622	0.9674	0.9730	1.0000	0.4905	0.3923	0.4231	0.3494	0.3220	0.3593	0.6720	0.5356
'2weeks-H3K27me3'	0.4460	0.3791	0.1867	0.1828	-0.1643	-0.1126	-0.1281	0.0866	0.1934	0.1235	0.6213	0.6464	0.5543	0.5689	0.5166	0.5012	0.4584	0.5315	0.5216	0.4758	0.4924	0.4905	1.0000	0.9530	0.9588	0.9132	0.9253	0.3771	0.5214	0.4625
'4weeks-H3K27me3'	0.4504	0.3953	0.1971	0.1724	-0.1171	-0.0644	-0.0818	0.1090	0.2363	0.1728	0.5224	0.5508	0.4507	0.4614	0.4134	0.3951	0.3461	0.4302	0.4212	0.3778	0.3940	0.3923	0.9530	1.0000	0.9632	0.9399	0.9634	0.3143	0.4316	0.3811
'ctrl-H3K27me3'	0.4593	0.4028	0.1930	0.1646	-0.1411	-0.0804	-0.1015	0.1010	0.2319	0.1658	0.5524	0.5783	0.4877	0.4961	0.4459	0.4257	0.3758	0.4674	0.4544	0.4040	0.4266	0.4231	0.9588	0.9632	1.0000	0.9332	0.9541	0.3191	0.4537	0.3970
'10weeks-H3K27me3'	0.4546	0.4119	0.2515	0.2345	-0.0597	-0.0104	-0.0284	0.1736	0.2552	0.2010	0.5285	0.5472	0.4289	0.4357	0.3824	0.3607	0.3354	0.4046	0.3872	0.3559	0.3559	0.3494	0.9132	0.9399	0.9332	1.0000	0.9496	0.4078	0.4395	0.4045
'7weeks-H3K27me3'	0.4690	0.4231	0.2263	0.1807	-0.0803	-0.0196	-0.0404	0.1408	0.2782	0.2216	0.4668	0.4900	0.3873	0.3954	0.3458	0.3220	0.2695	0.3675	0.3562	0.3064	0.3270	0.3220	0.9253	0.9634	0.9541	0.9496	1.0000	0.2865	0.3800	0.3389
'10weeks-H3K4me3'	0.2238	0.2221	0.3843	0.4469	0.1356	0.1456	0.1583	0.3250	0.1067	0.0945	0.6463	0.6039	0.4568	0.4708	0.4384	0.4459	0.4886	0.4131	0.3883	0.4111	0.3648	0.3593	0.3771	0.3143	0.3191	0.4078	0.2865	1.0000	0.6698	0.7268
'4weeks-H3K4me3'	0.1902	0.1485	0.2273	0.2731	-0.1780	-0.1284	-0.1226	0.0945	-0.0431	-0.0964	0.8854	0.8571	0.7595	0.7728	0.7472	0.7412	0.7297	0.7307	0.7048	0.6669	0.6843	0.6720	0.5214	0.4316	0.4537	0.4395	0.3800	0.6698	1.0000	0.8442
'7weeks-H3K4me3'	0.2331	0.2110	0.3605	0.3771	-0.0448	0.0105	0.0201	0.2234	0.0455	0.0055	0.8209	0.7706	0.6352	0.6547	0.6245	0.6260	0.6155	0.5989	0.5710	0.5382	0.5452	0.5356	0.4625	0.3811	0.3970	0.4045	0.3389	0.7268	0.8442	1.0000
